-0.0,-1.7372416806254296,-1.1578595039882464,-1.7865354197351182,-1.9316428705787816,-1.6532003864428793,-1.6421502929381997,-2.004918925441068,-1.48413173576949,-1.9036842619240646,-2.029022565488936,-1.9879367398167238,-1.671030500677471,-1.7101217576430483,-1.6188693029550962,-1.7501326877564862,-2.122292094681667,-1.9651112894459346,-1.6782543254417623,-1.9349981802363032,-1.6186278196984167,-2.0095265920614653,-1.813121397020826,-1.3383400625493378,-1.5838489264944198,-2.2296791982063766,-1.668131930573079,-1.9200925299275393,-1.918152387937227,-1.4497820976480325,-1.7757545036934403,-1.6317196270030097,-1.93227248911171,-2.0639158161706144,-1.8187270021953383,-1.5840046599062825,-1.9478294352136252,-1.7241585794458543,-1.8092522784809808,-1.703183428222794,-1.5640402427611635,-1.874772431178707,-1.6913607514170506,-1.6892747883061372,-1.5390374162474914,-1.5578108930516654,-1.968527105937913,-1.7331105536885143,-1.6936175965570728,-1.8198304430274845,-1.8868227675321083,-1.7653892913842286,-1.5500129986150541,-1.8027546901758615,-1.8727922293813604,-1.9815132427705617,-1.2301041546880092,-1.381334631894191,-1.8111886629559406,-2.0074992923660653,-1.6647478144275454,-2.2616827693633836,-1.8728851215371785,-1.958894765576673,-1.7483144937255028,-1.4937807829048613,-1.702216962358719,-1.5210401682453596,-1.2302415624432959,-2.374976555391264,-1.6149201029653655,-1.6240642039142632,-1.641697979318005,-1.589016274554516,-1.7785548213125348,-1.6665362673089346,-1.852124552424076,-2.103929013960757,-1.408422686788307,-1.912743051819898,-1.810734397270322,-1.7709061748841866,-1.7887053985714712,-1.5695537482394089,-2.1452205970690548,-2.192118653492391,-1.7812778125566178,-2.1325442068109823
-1.7372416806254296,-0.0,-1.7675977789796704,-1.8429522384535157,-1.6180767455404936,-1.6123775646989191,-1.4930875588474315,-1.8246727528785127,-1.6380822756294837,-1.7595955227705327,-1.5373241641315145,-1.9057290120220716,-1.8325999284735544,-1.562900194386638,-2.0572736970689136,-1.5806006883310675,-1.6989061170972142,-1.65702436992232,-1.7746105559968484,-1.744349780133775,-1.6885636288752366,-1.9614825095600277,-1.5035115913908168,-1.891778202370077,-1.4760836981492558,-2.0380056509698825,-1.5893187135616031,-1.792324281009818,-1.2407739307645556,-1.4772924578714515,-1.404339903193976,-1.9034441720543798,-1.7146602631796686,-1.7029185445840924,-1.623507247355548,-1.5380852555996904,-1.5068446179884403,-1.5588062450715925,-1.6834023632895134,-1.8208579269237422,-1.8007897090788765,-1.8826379432012212,-1.598732170518829,-1.8806566786979115,-1.5865166843009944,-1.5236762173414131,-1.4738011794395267,-1.2478571422334477,-1.3522307943941492,-1.6282411497884175,-1.7401704951073182,-1.8536660022563098,-1.510925230687799,-1.4946041571087854,-1.4683395003064565,-1.6796900671683739,-1.7287183091026836,-1.7324030553973404,-1.6198759596530101,-1.32080019878005,-1.8923243957849403,-1.6627687554318307,-1.2233915842499774,-1.6241620233931904,-1.4254732192503075,-1.6881961662767737,-1.6345996669251404,-1.845279890766025,-1.889356142032951,-1.9446462024282944,-1.7435230811494202,-1.7274214496997817,-1.5398479562332346,-1.461978633278033,-1.593440822665024,-1.2865764312627648,-1.8394015348271735,-1.7266182796336544,-1.3426413473353362,-1.720821240792958,-1.0419136995082219,-1.6092579406511398,-1.6725840616930998,-1.8446656544007767,-1.9845661374978536,-1.9378413414563282,-1.9169944669804997,-1.5832319061305928
-1.1578595039882464,-1.7675977789796704,-0.0,-1.7771336987674644,-1.9722266751428903,-1.5646838473897993,-1.6797251317851922,-1.6249180982096203,-1.276781097582797,-1.6220434392426404,-1.8222656631291607,-1.7639331412391794,-1.5362271283383884,-1.8476555009616926,-1.3452607204390088,-1.6591659089124224,-2.175828948199149,-1.7672732264428461,-1.557952983041974,-1.8360223935517623,-1.5574221024007273,-1.7471805789662076,-1.8364462605249459,-1.5784502346952756,-1.5481797756637854,-2.09824524672972,-1.4775611320989512,-1.835349348477032,-1.9306337423341433,-1.6701190473760783,-1.9555337076325547,-1.5176608086189862,-1.7840526164970338,-1.9784031529323887,-1.8692602330213837,-1.8202406102389939,-2.0462108859948978,-1.3181702177593304,-1.5776932559159855,-1.865852420303202,-1.3506370097401055,-1.7874413951804808,-1.4327815987034984,-1.5998365804731185,-1.5534553543037157,-1.9807935410648387,-1.9368961322920413,-1.9466542331696841,-1.6961716983858983,-1.670530762276707,-1.682924060387257,-1.661973150914606,-1.5875882705866846,-1.6815174028382642,-1.8721075005169416,-1.9733819419465524,-1.3255818128179728,-1.156783866228252,-1.8582747231717875,-1.821573255043321,-1.85398431354419,-2.0334769637230075,-1.7324930643124428,-1.9384870768631806,-1.6688982540550812,-1.4504033960834584,-1.6421016696749982,-1.7835178558587261,-1.3905835204551202,-2.1519064085871698,-1.3800163077838097,-1.7053749165062178,-1.365814512431657,-1.8638690045661124,-1.683616608894494,-1.521427650909232,-1.789341189405866,-2.0713265877869245,-1.400339664439576,-1.9424919858092824,-1.6303229367365493,-1.8678585643152767,-1.6922722024110786,-1.5661030228989894,-2.0165487343892257,-2.258561524913072,-1.7412067285701265,-2.3745281751120957
-1.7865354197351182,-1.8429522384535157,-1.7771336987674644,-0.0,-1.6942949901824136,-1.8622869244560267,-1.9522540817664646,-1.970375507093733,-1.7853008897955105,-1.6353804156835807,-1.8614447535882936,-1.4530516099465187,-1.8500542239510414,-1.9203108528363753,-1.9243611169928694,-1.7875939704713746,-1.7410894395510592,-1.4139879079869118,-1.894075156217018,-1.388561804526455,-1.8282261807028302,-1.911701970185982,-2.0538167041168083,-1.5357791113426709,-1.790632062133638,-1.8428658508844453,-1.4925702204853468,-1.6592791147050523,-2.10242283714167,-1.996209696738073,-1.668420357430921,-1.6747968339918655,-1.986939791509996,-1.5272201158906717,-1.745911073120586,-1.655065581279711,-2.2459864859575807,-2.0090237055409355,-1.6797382876563327,-1.7819042738977278,-1.6454334491654026,-2.324644661683295,-1.775940005649158,-1.5055635466518553,-1.5647098465831357,-1.693631799801386,-1.4864438614418973,-1.77046254339315,-1.8131877692004919,-1.5037649012116652,-1.9544084562139585,-1.8552901255449212,-1.9045248171582694,-1.5385786604688219,-1.9652421216022964,-1.5977603257126611,-1.579391981011981,-1.4563286272525655,-1.7242613999488867,-1.8607831853358632,-1.846372267260414,-1.861622141889527,-1.7454004915112529,-1.9687608622878858,-1.3865855814915975,-1.749083660713873,-1.687758780551209,-2.1172303112071025,-2.002642872277366,-1.6883487321767607,-1.880063441582612,-1.7727404705439225,-1.6122155946242782,-1.6435405598402597,-1.8552833155901785,-1.555415314968824,-1.5437439434464506,-1.884052756589232,-1.8652723661378368,-2.2242602654325268,-1.7560449567997622,-1.5931846762257489,-1.7184935629888982,-1.5323836317331991,-2.1524784420738734,-2.1134309204156603,-1.6102182987704194,-2.049754388289564
-1.9316428705787816,-1.6180767455404936,-1.9722266751428903,-1.6942949901824136,-0.0,-1.558665918089614,-1.9891215729656244,-2.3363430227084603,-1.8376582926486038,-1.859713105210888,-1.6767930458131386,-1.6986596815906787,-1.3929503530237337,-1.9227393364038714,-1.9295192393701779,-1.4992805805458531,-1.7756360112426377,-1.7549063854565283,-1.8708961317235666,-1.7300413177136555,-1.5593027592001525,-1.7923237049512148,-1.9423574965189776,-2.0918702954735897,-1.623395843518441,-1.9713656362298264,-1.5688828864291806,-1.8689363607735778,-1.9531690130104613,-1.8129810061398524,-1.6370942914053668,-1.6416461351585043,-1.988378567106858,-2.026074251598291,-1.4735183988254188,-1.9646611338358129,-1.907524314200755,-2.06628293043753,-1.98235036450885,-2.0032501551782937,-2.00524261018197,-2.367700714538513,-1.9492287362746132,-2.056951272602108,-1.519585013534145,-1.4827863435962578,-1.5738152102119165,-1.7896682847084833,-1.5703267219614585,-1.7682038795365118,-1.9332866583710786,-1.803254509845384,-1.753699667071375,-1.4878373694402138,-1.939893236156111,-1.9278345375714452,-2.0195414748638867,-1.8126392969327951,-1.7845430129215925,-1.191336859679665,-1.972456449661433,-1.9946716256528774,-1.6736931488399471,-1.6859115541812222,-1.3615396854516733,-1.8869625421899807,-1.665284019777798,-1.7724687948455262,-2.362212396488464,-1.5907314874467668,-2.0620087444372834,-1.6742409797040916,-1.688870062788023,-2.048170712971273,-1.596493109371622,-1.656478727301413,-1.420111331867168,-1.9185632156728207,-1.715248537789696,-1.830368497976259,-1.439498022877095,-1.6129235966209952,-1.9284072389740425,-1.5317831992822797,-1.9522294345969935,-1.5561662180981721,-1.9530785838487916,-1.4106513738707596
-1.6532003864428793,-1.6123775646989191,-1.5646838473897993,-1.8622869244560267,-1.558665918089614,-0.0,-1.8422467977516743,-2.028321098518042,-1.4202659343225417,-1.88421608601203,-1.9361532510683357,-1.6893441930744946,-1.544075887658169,-1.7311306103976292,-1.6381221102798453,-1.5783869776990718,-2.045891458604772,-1.9420802941554391,-1.343567322885373,-1.9664909919768694,-1.7535975103905836,-1.637369975295107,-1.8290178787695752,-2.1008322796057546,-1.6407040085501994,-1.928839220421376,-1.7621203843421296,-1.4875715589581981,-1.8626616597689098,-2.0759213465665503,-2.1673049252153076,-1.668905358214729,-1.2413619781887295,-1.9926753625835276,-1.776078985824661,-1.8789782288133772,-1.6348782270357018,-1.6914313872157196,-1.6029799966158624,-1.7278619213972755,-1.3140426631901112,-1.8066473822615992,-1.8819182519455004,-1.973805462607077,-1.835030829745009,-1.6115182488944597,-1.3429085427978207,-1.7134565609876704,-1.5700918443824006,-1.1485095370212615,-1.486098337462046,-1.9150288082424305,-1.7623508340901584,-1.6922035563269282,-1.9861688326491382,-1.7898048588077848,-1.62250779260606,-1.6357258583590182,-1.4871411674086934,-1.7432473270165918,-1.9287363636198187,-1.6364631221365367,-1.710769983281555,-1.9962392270381608,-1.6154013683415616,-1.820905575716131,-1.832897633849846,-1.8463983423441779,-1.9753828064311405,-2.008054798882867,-1.8663612014442241,-1.852764865343052,-1.7252955854305445,-1.9633261458199887,-1.5021512118427351,-1.3854242022560996,-2.0539903833070805,-1.9937738210682812,-1.5700949740652868,-1.8392210513089815,-1.5030439080973093,-1.5119713276899043,-1.9979062704279182,-1.8753120712733344,-1.949803948360459,-1.7521439748084968,-2.359798632074183,-1.7752571009372282
-1.6421502929381997,-1.4930875588474315,-1.6797251317851922,-1.9522540817664646,-1.9891215729656244,-1.8422467977516743,-0.0,-2.180264099858441,-1.4697255054842888,-1.7616960582565802,-1.8665506050075684,-2.1040763028903897,-2.0171842562029885,-1.9074873443139697,-1.6460880206065682,-2.138867317342548,-1.6583973098221585,-1.6390775159768458,-1.7592111369606587,-1.6669991797833545,-1.8861007489974726,-1.829323785406009,-2.0673968247418757,-2.1737365871690746,-1.5992979349386247,-2.0364656402218926,-1.6038216578298732,-1.545896086284183,-1.8149281923985328,-1.3710214414652795,-1.949689778599194,-1.6227305862611459,-2.249013155368892,-2.106289680020158,-1.7148280772126903,-1.973365237933954,-1.952765352884419,-1.3797131431963623,-1.4905873058773997,-1.7390572197570673,-1.9729774335563663,-2.227903044666772,-1.6899618900887425,-1.8608877226046945,-1.6209592849823935,-1.9520103337116403,-1.7690932371830934,-1.595402845217824,-1.6751234886585447,-1.8020124219762963,-1.8485294391672151,-2.2311275551249894,-1.5307022884405137,-1.7430721125381112,-1.6055332275669496,-2.328444685641997,-1.90413750949389,-1.6566446183711099,-2.063534161852023,-1.5878051373242945,-1.557477896579813,-2.214894538758295,-1.7134667265262984,-1.9531172161032635,-1.8390036775556957,-2.1680601995217126,-1.9685837728527829,-2.0766389258049,-1.9707248300644868,-2.0341144089059564,-1.671274009348309,-2.119537564824225,-1.8951908565651374,-1.9188780348488597,-1.757300284240034,-1.3349450280968351,-1.8516041556191336,-2.0740851731234065,-1.548533318850911,-2.01522228888197,-1.773814257359617,-1.8874554132451034,-1.7454432996041205,-1.8239195104391916,-2.2996020891960107,-2.1267053137578205,-2.0786421650747644,-2.2217405817918583
-2.004918925441068,-1.8246727528785127,-1.6249180982096203,-1.970375507093733,-2.3363430227084603,-2.028321098518042,-2.180264099858441,-0.0,-1.8967394856008746,-1.8408262693315385,-1.7508762615778979,-1.8197555245054866,-1.6610266156298972,-2.065235447821587,-1.9954610052533017,-1.8336264019365738,-2.2033491340577407,-2.1496641264874037,-1.9968124208171947,-2.183865659065349,-2.070397972153994,-1.6060000073150225,-1.5471615807224233,-1.8826791128184404,-1.618028229002868,-2.089990252322693,-1.8511122838301883,-1.9801267699405822,-2.1080734934208945,-2.1694450406468095,-1.954062028857441,-2.3000092564267605,-1.8335226896111032,-1.8422635864159074,-2.016817827764836,-1.9181100468914416,-2.4076634263991568,-1.752305879522897,-1.733122859413192,-1.6179420157640436,-1.709836193118426,-1.517403447638434,-1.522421465176499,-1.9872048803022366,-2.269523792316167,-2.32401167634293,-1.8404199122215437,-1.7257960772448568,-1.8852239000057422,-1.9605614496388162,-1.9894734479477312,-1.9393233105978562,-1.941526960025862,-1.8271281911356487,-1.9016507028174894,-1.7227127876802764,-1.8463067728817333,-2.0093980972964696,-1.8943361669311871,-2.148488502397681,-2.140886644062309,-1.5625950754941451,-1.624439704263657,-1.9458440976773894,-2.1094921479824995,-1.3948208734637324,-1.7204274899764678,-2.019124129350513,-2.0607581982012966,-2.1295917499903925,-1.5574491183901882,-1.9484597733021731,-2.033528285099149,-2.1641440956315163,-1.9444632341285915,-1.559658783379628,-1.9304685220363524,-1.7010842411881797,-1.3775471366017806,-1.8594574167683242,-1.6706355554662287,-1.846316511949408,-1.8595929092012484,-1.9864196617025516,-2.0862703581045947,-2.2164210790347285,-2.1059800001511886,-2.309129197210817
-1.48413173576949,-1.6380822756294837,-1.276781097582797,-1.7853008897955105,-1.8376582926486038,-1.4202659343225417,-1.4697255054842888,-1.8967394856008746,-0.0,-1.6572401892464212,-1.5803005176596303,-1.8831442933797897,-1.7159255477356365,-1.7913329415904355,-1.6736201322305557,-1.727024171184379,-1.6533789877014382,-1.791635405669002,-1.3643152670494814,-1.497863956851594,-1.9114916174790437,-1.6140868051120738,-1.826495605725466,-1.7667065057525189,-1.290124684281752,-2.0620006761263787,-1.7379755121708953,-1.4728742308744887,-2.0572117304709487,-1.6857517688239232,-1.720550145227545,-1.4895627215660576,-1.6625673038859319,-2.0638223597561263,-1.6694550573931115,-2.186380713016367,-1.7157356122179406,-1.6017410203488647,-1.1908193158824987,-1.8102179390198079,-1.711929141295691,-1.8162761750081495,-1.9654713827286125,-1.4346252801975676,-1.7474437915553798,-1.7237305006093657,-2.003515658586677,-1.7087715676173703,-1.8267337305722924,-1.6694315932437802,-1.6386465165373412,-1.7225698959611186,-1.8226229702536616,-1.9795689978258186,-1.527649409152657,-2.2066599093413584,-1.4079037376962482,-1.5091387560504483,-1.406873404923591,-1.6946608668261034,-1.8626525025919867,-1.644870697867162,-1.6549142890813127,-1.9232707384282999,-1.7962158335689538,-1.9286282319951644,-1.6634400768495312,-1.7648620529752954,-1.7822113775159447,-2.2754222142403857,-1.3947113057001133,-1.8464420142205764,-1.3747000678337125,-1.823988209392843,-1.7728291127123208,-1.5289105618559862,-1.684492445984666,-2.136404012296164,-1.554886729170207,-1.9115837904194628,-1.4911882445147213,-1.8947785857292272,-1.7997025423601853,-1.6462004877291299,-1.8393253777534024,-2.168558309579473,-2.317221229753919,-1.9822548555310053
-1.9036842619240646,-1.7595955227705327,-1.6220434392426404,-1.6353804156835807,-1.859713105210888,-1.88421608601203,-1.7616960582565802,-1.8408262693315385,-1.6572401892464212,-0.0,-1.8162030189546348,-1.4256316466160843,-1.4874412230862295,-1.7826876723528065,-1.835270954463191,-1.9079589975649438,-1.735961701867674,-1.5206834599293573,-1.7420159798202215,-1.3260091389950388,-1.2451061626744788,-1.6006618324692294,-2.0536089769297514,-1.922882343075433,-1.7284048432726993,-1.7714889889413414,-1.588034005342797,-1.4992092791029603,-1.8887138212822299,-1.592119603218062,-1.5906312020456432,-1.4684309952995906,-1.9765220905805911,-1.7780453182723948,-1.5590775887398542,-1.6970550989941289,-2.1261093414952175,-1.7205290744190695,-1.5016192671402429,-1.8122018354407299,-1.7571850255363075,-2.0101242834726367,-1.6061512127949324,-1.7115827508420807,-1.7608051171715342,-2.171296832207834,-1.897803342379872,-1.7427406152824152,-1.8030056818894664,-1.8006761746140718,-2.0782240825903777,-1.78459567818848,-1.5173308107230972,-1.6689426349588552,-1.8798825365287612,-1.5914484000685853,-1.9197231294701382,-1.5398152504741132,-1.9980908507824304,-1.591744192286984,-1.80401599740619,-2.01132141594644,-1.4889390082027223,-2.0794644657947163,-1.6142913898038356,-1.8977142860347342,-1.1231684767144425,-1.7936069860753088,-2.171976915641451,-1.4482366067554326,-1.2936315904843858,-2.02085139628912,-1.747748391512268,-2.139005187978221,-2.0680666611155183,-1.2917972442995613,-1.4894521188227507,-1.3890402223877785,-1.73286221676818,-2.138230837247186,-1.7633006507203908,-1.8476144623099748,-1.4624131975895465,-1.6490798139474145,-1.6689607130457738,-1.9660743720175378,-1.9308338485692729,-1.9838300043598984
-2.029022565488936,-1.5373241641315145,-1.8222656631291607,-1.8614447535882936,-1.6767930458131386,-1.9361532510683357,-1.8665506050075684,-1.7508762615778979,-1.5803005176596303,-1.8162030189546348,-0.0,-2.0243116703658046,-1.64845397301133,-2.040961334237577,-2.0651294995274556,-1.8232994655719612,-1.760972293446906,-1.9236261602108193,-1.926908328465284,-1.9071969208063269,-1.9292815192078108,-1.974288607249146,-1.7983494844504886,-2.201011603671153,-1.7267904429319434,-1.4066527899188688,-1.6204120563056086,-1.7453945651867797,-1.9207129794120021,-1.8453180092912438,-1.4773552922981543,-2.107994859324313,-1.9696409085664959,-2.0561132917132987,-1.8723721967609153,-1.9051780499899826,-2.1687399592028465,-1.938160537955952,-1.6025076782856222,-1.8799016551249572,-2.091565862427235,-1.67105657613887,-1.7327576614403903,-2.1261147058457786,-1.4169825106726577,-1.9127423855006036,-1.8259309415139797,-1.4785383872239823,-1.8651621315534457,-2.0823101188844175,-1.9409766079517499,-2.346461313650799,-1.7629057952705522,-1.8319746255554512,-1.9680830201480464,-1.999304905656416,-1.7289833060061361,-1.9095926247105943,-1.8894830718000228,-1.361997772021849,-1.996397705357074,-1.6931749444290425,-1.6343094445941566,-1.650044784236223,-1.7623557147178261,-1.683496326505193,-1.5267554914666575,-1.9803583521238979,-2.340388113946215,-2.041839945523011,-1.855061262602637,-1.4013201718991226,-1.7449005293111641,-2.287498977962741,-1.4952135215450635,-1.3992487904024753,-1.634602140389459,-1.8072190508030217,-1.7400798143517548,-1.9736768735423837,-1.1763246827224476,-1.818017496468784,-1.7197776673367622,-1.8555157246727016,-2.004430227214969,-1.9806070669156106,-2.194053472274773,-2.0854994799468507
-1.9879367398167238,-1.9057290120220716,-1.7639331412391794,-1.4530516099465187,-1.6986596815906787,-1.6893441930744946,-2.1040763028903897,-1.8197555245054866,-1.8831442933797897,-1.4256316466160843,-2.0243116703658046,-0.0,-1.690745713062075,-1.8345883478868161,-1.8849166981696706,-1.6663959659722167,-1.8583877119280419,-1.7286242415045063,-1.5090030523992861,-1.574437231404484,-1.601350481636483,-1.6103568041966625,-1.972358398616593,-1.8387994647122714,-1.8610148159034772,-2.0906796539718657,-1.3279306009011895,-1.4563309473860933,-1.8888850206622618,-2.043661713495629,-2.0453116425879663,-1.7938714951990782,-1.7377765191622798,-1.5446892835127894,-1.753316256227132,-1.672503301008325,-2.156481733949113,-1.8518095765110272,-1.7820394837481377,-2.0626972380812316,-1.6994765058481822,-2.086237979915618,-1.8289943297086555,-1.858533955231558,-1.990740580912023,-1.9957894558955505,-1.457737175565407,-1.7155903007856599,-2.0067441691605468,-1.3676873518447386,-2.064058397718672,-1.8569184333422315,-1.8431885842212556,-1.3905265058765142,-1.9235119794662048,-1.6179264313856296,-1.664273116130533,-1.7385105901815934,-1.8767635275443066,-1.8019473266952337,-1.9358774593790609,-1.8188979977236848,-1.3229107125704183,-1.950217307626318,-1.7270174056313197,-1.9367207842755851,-1.4892938241603306,-1.7415374404946755,-2.1339377188622537,-1.4929984940781045,-1.9291662357779733,-2.148423714477805,-1.6382747984988082,-2.140085554585243,-1.8693044174582136,-1.696284938747867,-1.2952744499770148,-1.5921178431537337,-1.8586877978097278,-1.795926004606938,-1.884538846670415,-1.7453409730754048,-1.805084765800905,-2.0612003257493945,-1.7613542655518606,-2.0401811574048683,-1.984924818104297,-1.7525378845929018
-1.671030500677471,-1.8325999284735544,-1.5362271283383884,-1.8500542239510414,-1.3929503530237337,-1.544075887658169,-2.0171842562029885,-1.6610266156298972,-1.7159255477356365,-1.4874412230862295,-1.64845397301133,-1.690745713062075,-0.0,-1.978572376824931,-1.5859473229278689,-1.606638538229547,-2.187920677422688,-1.9436295075363048,-1.6364313629388545,-1.9300118115020617,-1.4627340348523843,-1.3576454615585243,-1.7136015676681218,-1.8447775598063638,-1.3780567465549447,-1.9017141047739279,-1.6446845086408703,-1.6832952016181233,-1.8754374072295683,-1.9199011131800128,-1.6942127806464746,-1.7537708404796788,-1.6322674564581912,-2.0508277312587224,-1.4901054283604311,-1.8487557025471364,-1.996870081523119,-1.8004673026006888,-1.778453813733844,-1.616223259204771,-1.6609285992304526,-1.7856802572560535,-1.4312500199461065,-1.7518191117213369,-1.7740356782516284,-1.7958873889826457,-1.711854266786532,-1.6169219465904838,-1.3161604527060153,-1.9921227466822535,-1.7744636143968675,-1.7026162398405675,-1.560758730486895,-1.58321235672943,-2.0446897478065056,-1.7451376403424836,-1.980304634782442,-1.5042797839577344,-1.7507493098072733,-1.6492579320405585,-1.851376112159933,-1.8969349985717463,-1.8203363875526148,-1.504091186772902,-1.796697764985843,-1.5899436106480314,-1.3963870470829056,-1.529846762496813,-2.0706857793086493,-1.6906841830300474,-1.477947617579646,-1.4322615236122513,-1.6644922016161785,-2.134426809971789,-1.5324553833329775,-1.2814371673198355,-1.6936726018442243,-1.549079588422157,-1.2865763010804159,-1.7560666708752561,-1.4031720220170951,-1.6556118118830931,-1.6598160498065053,-1.2950106996727724,-1.6429318926261496,-1.785568673175199,-1.997024901772285,-1.9312761529482403
-1.7101217576430483,-1.562900194386638,-1.8476555009616926,-1.9203108528363753,-1.9227393364038714,-1.7311306103976292,-1.9074873443139697,-2.065235447821587,-1.7913329415904355,-1.7826876723528065,-2.040961334237577,-1.8345883478868161,-1.978572376824931,-0.0,-1.8010984131794963,-1.8035318167401952,-1.6381519376419242,-1.6236664075523282,-1.9158911199009108,-1.9349016222058295,-1.8181529237430447,-1.9756732907964745,-2.0960355984752783,-1.9730509724336298,-1.594484276120571,-2.114664696811603,-1.708122631815573,-1.6187621415096871,-1.9329440672599372,-1.8613443572505066,-1.79494896348542,-2.161861004511276,-2.1542378014173766,-1.326889571133077,-1.609412963787991,-1.857329743400429,-1.650596304105652,-1.8107542664323761,-1.7315170762231944,-2.0267409658031608,-1.8521323366040805,-1.9849054933211443,-1.9655396812414039,-2.084379968154245,-1.9659072606061643,-1.631116907551443,-1.9015180202499522,-1.8730877735341729,-1.7592882849729192,-1.562323906767659,-2.272349774883769,-1.7795244361309135,-1.750800558352987,-1.6273719830294504,-1.955326855322954,-1.744932162507178,-1.4803071735382183,-2.0171153872284173,-1.7852475109107582,-1.9416041950524334,-1.9977256733880435,-2.2296729982293693,-1.5165158407737078,-2.2570630599593637,-1.4595723577024249,-1.762879419403638,-1.7778507680122313,-2.1416049118708584,-1.972060824143305,-2.004867089041114,-1.853643946474176,-2.1697914159601543,-1.7790275242635278,-1.8408665416730838,-1.8553260607748592,-1.5941767743682675,-2.1430964015429286,-1.916174976759273,-1.9256910923023354,-1.9517265983198333,-1.671531857265525,-1.5620612137126808,-2.3273981990398216,-2.1250506580319968,-2.056611342028092,-1.7406960973413126,-2.083923014753532,-1.6913585324554694
-1.6188693029550962,-2.0572736970689136,-1.3452607204390088,-1.9243611169928694,-1.9295192393701779,-1.6381221102798453,-1.6460880206065682,-1.9954610052533017,-1.6736201322305557,-1.835270954463191,-2.0651294995274556,-1.8849166981696706,-1.5859473229278689,-1.8010984131794963,-0.0,-1.8492065397347623,-2.228799394913293,-1.61517162968076,-1.6234687663350518,-1.887585099649029,-1.7475961046807802,-1.7894943944668313,-2.1586004083958,-1.9640472598299812,-1.5304692565883664,-1.81403013693441,-1.5191944311829673,-1.4192351473006874,-2.3395377515041544,-1.7339433013389955,-2.2695738502855285,-1.7073616542129233,-2.198375200855927,-1.8650720939317662,-1.3865882751852148,-2.2362219385637703,-2.1054848846972622,-1.6653511945567334,-1.5565179967608644,-1.7739569682472898,-1.4905185832978065,-2.0798985562075605,-1.599169380816503,-1.896272966333309,-1.6030603603538331,-2.1486703028150407,-1.8112287006373673,-2.203879243386404,-1.4344655361362324,-1.7225428317165163,-1.7855899247919598,-2.1260886851833893,-1.3684281365289699,-1.7863337573875822,-1.9896794579699004,-2.1699231331074533,-1.927608861853221,-1.7672221673331627,-1.7554415891554165,-1.9523175257799354,-1.4255286902658562,-2.110866143547579,-2.0205466983884786,-1.9691107420509464,-1.979279959354747,-1.9729965064444261,-1.9125278548024494,-2.21071891341986,-1.68119561819963,-1.7765752659618252,-1.593508897043726,-2.1290600640988937,-1.8610371193313548,-2.117446759699869,-1.8604434883862069,-1.466253106802202,-1.9964451205267926,-2.2040244238990794,-1.6233899653596109,-2.191988677637262,-1.768113097218872,-1.5660606174396106,-1.7497859804936269,-1.7060328716568098,-1.987825526981501,-1.8523985853434501,-1.687201080609601,-2.2665310194016675
-1.7501326877564862,-1.5806006883310675,-1.6591659089124224,-1.7875939704713746,-1.4992805805458531,-1.5783869776990718,-2.138867317342548,-1.8336264019365738,-1.727024171184379,-1.9079589975649438,-1.8232994655719612,-1.6663959659722167,-1.606638538229547,-1.8035318167401952,-1.8492065397347623,-0.0,-1.8196797890870502,-1.585229307064333,-1.548990427364595,-1.8801331470322913,-1.7612422550831586,-1.7905025916512638,-1.637485308011036,-1.9701562709215612,-1.820644687234943,-2.231779343735695,-1.721017463389928,-2.0066975216796674,-2.0983046002003802,-2.019316800260575,-1.777832745608811,-1.8240118783215185,-1.7604115684933963,-1.8556393008252072,-1.7399235474896637,-2.003999290831578,-2.0981389490141495,-1.6536351147620076,-1.6146163801118623,-2.201217465779823,-1.3855929864094767,-1.9573295741589916,-1.6720333552941087,-2.1238574780808466,-1.7179557525163691,-1.4473703571999683,-1.832254301232792,-1.7398509599660437,-1.6161883819493819,-1.442603696712446,-1.3590928153445077,-1.5939444152907818,-1.6505518232599825,-1.3966368548689945,-1.3481710091419679,-1.5948644137042884,-1.6182479117910156,-1.9699038313769428,-1.2308117476282316,-1.6034672932503233,-2.3751645546704387,-1.6292547284063799,-1.451186264106203,-1.9290958005236665,-1.5054029877584685,-1.3899918525987947,-1.7917835770348975,-1.6475005286080222,-1.6958070591091394,-2.017305585593755,-1.8297726892996464,-1.6687546143429473,-1.8144710434477056,-2.101030463516839,-1.889372374025392,-1.733101196979515,-1.7446223894598816,-1.9919789601078164,-1.6870387073167215,-1.7953444273840313,-1.511599407387324,-2.0249069781323166,-1.8399689686652234,-1.767257992925228,-1.831468658886211,-1.8332530762633603,-1.8345644215066734,-1.749081740365735
-2.122292094681667,-1.6989061170972142,-2.175828948199149,-1.7410894395510592,-1.7756360112426377,-2.045891458604772,-1.6583973098221585,-2.2033491340577407,-1.6533789877014382,-1.735961701867674,-1.760972293446906,-1.8583877119280419,-2.187920677422688,-1.6381519376419242,-2.228799394913293,-1.8196797890870502,-0.0,-1.606950916893525,-2.111859978669187,-1.6466460614394482,-1.889003490431947,-1.7884187058469396,-2.288452582436581,-2.1658202926359476,-1.8708899586688186,-2.0300989488445405,-1.9297031399488314,-1.7678440093910863,-2.1711636207145637,-1.8788906444155997,-1.5765999807736641,-1.762646657509651,-2.2279625931921987,-1.8094424858165612,-1.714844478936803,-2.202820503853082,-2.0552810430986423,-1.987464712770492,-1.2583728411221629,-2.1175655622289073,-2.186132439574328,-2.2657415603556017,-2.0600050119896878,-1.9998254344110362,-1.9387286045073306,-1.800544615901561,-1.942446595750083,-1.6393368326576856,-2.085993707433751,-1.590736827686139,-2.019732275632531,-2.0456790985491513,-1.7975637776556765,-1.710691939312207,-1.5457851458220497,-2.095776922530058,-1.8152485779414962,-2.1901173453616063,-1.9125709905017232,-1.5561977593333478,-2.1710821366998134,-1.973712876155827,-1.3425360153537176,-2.243074823347773,-1.7119812071201284,-2.104712146333152,-1.876901389599629,-2.1166489599356537,-2.4774737728933354,-1.9823698747173084,-1.77802945264002,-2.1874507258463387,-1.9822989527587285,-2.1757843657457414,-2.109309945181018,-1.8676112172981287,-1.60725559641592,-1.9516347458734469,-2.026694518082136,-2.0445600912584823,-1.8700401287616621,-2.0588849720709606,-2.1072661778397173,-1.9873424384373408,-2.3746536924496118,-1.920701136511977,-2.2938708000865513,-1.7124100537570044
-1.9651112894459346,-1.65702436992232,-1.7672732264428461,-1.4139879079869118,-1.7549063854565283,-1.9420802941554391,-1.6390775159768458,-2.1496641264874037,-1.791635405669002,-1.5206834599293573,-1.9236261602108193,-1.7286242415045063,-1.9436295075363048,-1.6236664075523282,-1.61517162968076,-1.585229307064333,-1.606950916893525,-0.0,-1.5943140796983664,-1.3288836777728021,-1.6982513848628324,-1.759538804864095,-2.0042338000136852,-2.009482294987039,-1.8009518030333058,-1.9000306167333452,-1.4095832203692733,-1.6065730327565246,-2.076373210394267,-1.7979831810768432,-1.6377334857984391,-1.5767952904745364,-2.1880621437355043,-1.379368321942998,-1.3902833127404537,-1.943786759757044,-1.9209569386033851,-1.5528339211535973,-1.5402469300611568,-2.0478166395221007,-1.7423797346049867,-2.2382388416519583,-1.5487072709663405,-1.9082167625798232,-1.6280839049914784,-1.8062632722506888,-1.8963520572790595,-1.9086262246616803,-1.6019268937485303,-1.5432701115551868,-1.8193278160913116,-1.8433544195046665,-1.5157175025270355,-1.3222782829119737,-1.6224125204593771,-1.9269840926173651,-1.8599365516581268,-1.8928677242318233,-1.6653005536524474,-1.591807728988299,-1.95646235271499,-2.0851730534825035,-1.6309561191263529,-2.0358053209645823,-1.2761384210621005,-1.963735090888316,-1.7239074303502595,-2.212424566266824,-1.7413759195364171,-1.478300591412305,-1.8030022831482508,-1.938199850005881,-1.7102861289452294,-1.7628749018520544,-1.75057605142678,-1.4982299422842638,-1.7781304240516698,-1.9377108400185588,-1.9172853243700023,-2.012023840179549,-1.6354671907671507,-1.7058344804212822,-1.720740839431957,-1.5660663213630184,-1.8366950981138797,-1.778018718138926,-1.4976031515437513,-2.1561298669366487
-1.6782543254417623,-1.7746105559968484,-1.557952983041974,-1.894075156217018,-1.8708961317235666,-1.343567322885373,-1.7592111369606587,-1.9968124208171947,-1.3643152670494814,-1.7420159798202215,-1.926908328465284,-1.5090030523992861,-1.6364313629388545,-1.9158911199009108,-1.6234687663350518,-1.548990427364595,-2.111859978669187,-1.5943140796983664,-0.0,-1.7349783347603935,-1.9624666758186564,-1.5500737629043044,-1.52405102652008,-1.9912836016475053,-1.6255201305663267,-2.1513531046161782,-1.5723510188618692,-1.4349022172894106,-1.7865686230611677,-2.022198276201618,-2.0240485803433357,-1.685246049602525,-1.4639184143574264,-1.8815493004917987,-1.7563837071832031,-1.963476611632057,-1.7590488415729484,-1.5074663305225686,-1.6253508578201674,-1.9870267999458475,-1.495183957754033,-1.7736552421176435,-1.8182864273122517,-1.8756183664201889,-1.9829731764355574,-1.8234424703693162,-1.824820157680412,-1.6768033877055568,-1.7552836485600674,-1.5306345488209228,-1.6346569687091692,-1.9862243230893148,-1.740960406993182,-1.6204389577597929,-1.6070829266966113,-2.0688367516354886,-1.6832868532268843,-1.8533644158501148,-1.477930445609567,-1.8056331140935324,-1.9350229122386156,-1.7274259911311363,-1.6898092875443869,-1.7750406379429355,-1.857066608321521,-2.0504627198609513,-1.6256743917505438,-1.7403079738087854,-1.58592836491497,-2.081400363830743,-1.936469761764066,-1.8547209305406989,-1.6430984356032854,-1.9332911616736623,-1.505769323811172,-1.5115528661080144,-1.7793226782958882,-2.021349525008292,-1.6679028345658573,-1.6546468387880962,-1.614999465712456,-1.8320660073315786,-1.7506454990992382,-1.913370740887685,-1.329180833773917,-1.993006479250446,-2.2471092567439674,-2.1438628749380833
-1.9349981802363032,-1.744349780133775,-1.8360223935517623,-1.388561804526455,-1.7300413177136555,-1.9664909919768694,-1.6669991797833545,-2.183865659065349,-1.497863956851594,-1.3260091389950388,-1.9071969208063269,-1.574437231404484,-1.9300118115020617,-1.9349016222058295,-1.887585099649029,-1.8801331470322913,-1.6466460614394482,-1.3288836777728021,-1.7349783347603935,-0.0,-1.5939128306057027,-1.8783353919405252,-2.2509606247823295,-1.8204489850088372,-1.8312294297351852,-2.0002291244890076,-1.5549664768168412,-1.5226262375150617,-2.311450574277231,-1.5339066046259848,-1.676251393775354,-1.4022452457049441,-2.251969537462567,-1.8524392939773187,-1.2863221284417805,-1.9063995426286224,-1.9037044526026634,-1.9614546983479475,-1.6451968478011285,-1.7763542142325959,-2.0681870303203094,-2.3905042294186223,-2.0912313501605695,-1.7626239303146338,-1.6845916508207557,-1.8525826463834396,-2.0219810847373365,-1.7807526588921485,-1.9521885934007832,-1.8614741094924605,-2.129441958726326,-1.8447728280383682,-1.7925522679812111,-1.8623147130016033,-1.8244559180549145,-2.0727889645246407,-1.775198346178633,-1.6929209596626031,-1.6318378597548868,-1.4979526373766883,-1.8535953177926083,-2.0885500789325575,-1.8391467649273372,-2.17131806464868,-1.6823161205585266,-2.099811097007068,-1.3508488995371084,-1.9997516460251685,-2.02567665174751,-1.7180195106148919,-1.6577895623275387,-2.2121513545447646,-1.5203073337689121,-1.8587578584772677,-2.042103831288061,-1.655980580889107,-1.3353084058423281,-2.0168985343114367,-1.792072670701561,-2.236260925849874,-1.7090665081269532,-1.7404551527106467,-1.5945125217175244,-1.61449134618762,-1.8212857901324366,-2.0747023696013094,-1.7881735575369684,-1.8268081856961322
-1.6186278196984167,-1.6885636288752366,-1.5574221024007273,-1.8282261807028302,-1.5593027592001525,-1.7535975103905836,-1.8861007489974726,-2.070397972153994,-1.9114916174790437,-1.2451061626744788,-1.9292815192078108,-1.601350481636483,-1.4627340348523843,-1.8181529237430447,-1.7475961046807802,-1.7612422550831586,-1.889003490431947,-1.6982513848628324,-1.9624666758186564,-1.5939128306057027,-0.0,-1.8357722061940802,-2.1952938662952124,-1.7300809785492837,-1.9471396162483383,-1.836044243736517,-1.554493267071688,-1.793336142538636,-1.9457605034931336,-1.3825658044438198,-1.655594579408922,-1.2962389634565603,-1.9218964860791983,-1.9422014393659974,-1.3446168932026126,-1.5025922699235787,-1.8532443426846799,-1.91953901588241,-1.748042283593244,-1.7912875961223307,-1.879610942672689,-1.9550766896801084,-1.477171433476737,-1.9284257445174267,-1.488233519441629,-1.9315410402803759,-1.8537836197044044,-1.7199575933039553,-1.6644577515270662,-1.822327267404955,-1.9670893185982898,-1.822674598360714,-1.0796056069798379,-1.6258032579106696,-2.12640643672606,-1.8102895229697837,-1.829958549737691,-1.560348280841728,-2.0239699356883345,-1.4804080505847814,-1.7400607695408936,-2.246215204528188,-1.6634868314339446,-2.0369974799341257,-1.6502240437781879,-1.763419606687734,-1.2619155238551256,-1.581948916424494,-1.9666229121974248,-1.5100905625732273,-1.4037737002939787,-1.8536242713924287,-1.611830103360954,-2.0028870445731957,-1.883329221537274,-1.6631010026034443,-1.5670362290406277,-1.5876956573743568,-1.5521688742610549,-1.9563295612513003,-1.7118731305430221,-1.6422333876889226,-1.4815285524640467,-1.473075822132419,-2.0499152661154265,-1.8854353622704954,-1.6059644483038567,-1.8111646588566477
-2.0095265920614653,-1.9614825095600277,-1.7471805789662076,-1.911701970185982,-1.7923237049512148,-1.637369975295107,-1.829323785406009,-1.6060000073150225,-1.6140868051120738,-1.6006618324692294,-1.974288607249146,-1.6103568041966625,-1.3576454615585243,-1.9756732907964745,-1.7894943944668313,-1.7905025916512638,-1.7884187058469396,-1.759538804864095,-1.5500737629043044,-1.8783353919405252,-1.8357722061940802,-0.0,-1.7506355115125476,-2.0498669480974963,-1.4043457600244738,-2.0904776326471834,-1.874269696521096,-1.6289069183312521,-2.1024625602143865,-2.094585833832916,-1.8115761079795718,-1.621907979892398,-1.6146550015526868,-1.75541783002538,-1.660420834443205,-2.1021321837832754,-1.8930067492589193,-1.4168435998143694,-1.625435073510672,-1.65189324201093,-1.7111313097796699,-1.7110614332488,-1.572798944038233,-1.7523340996199785,-2.2976940789591254,-1.9438887799337916,-1.7930612954312153,-1.7531144285208746,-1.6139981078006822,-1.6554713999959343,-1.6238296131428764,-1.6998907730486073,-1.927637315503789,-1.4123397382082024,-1.8153200912450809,-1.9752167715276894,-2.05494226411915,-1.9101280377936292,-1.720516386348518,-1.929475939810189,-1.9388464000649455,-1.8799262588983603,-1.6201025077995457,-1.6862947607769674,-1.8890317406558514,-1.9006811928269778,-1.7539526584123672,-1.7442099032879241,-2.1827492998655935,-1.6894163455868985,-1.4263113089323491,-1.8161237677846647,-1.859887716126775,-2.1201845374341337,-1.6354962964634525,-1.5703118547446806,-1.760905999156324,-1.4676281535927376,-1.6167531252562712,-1.394428756312176,-1.8724887134349846,-1.794811124844238,-1.830617953751049,-1.4642337910376009,-1.6332869585064556,-1.6488321428135944,-2.2377399603789945,-1.9694450866558693
-1.813121397020826,-1.5035115913908168,-1.8364462605249459,-2.0538167041168083,-1.9423574965189776,-1.8290178787695752,-2.0673968247418757,-1.5471615807224233,-1.826495605725466,-2.0536089769297514,-1.7983494844504886,-1.972358398616593,-1.7136015676681218,-2.0960355984752783,-2.1586004083958,-1.637485308011036,-2.288452582436581,-2.0042338000136852,-1.52405102652008,-2.2509606247823295,-2.1952938662952124,-1.7506355115125476,-0.0,-2.021906461856397,-1.4164459254208235,-2.3185073452850524,-1.6687893144810213,-2.034583288427277,-1.6997381595535432,-1.9793395369051314,-1.673759699255087,-2.227372525565287,-1.6373862215840636,-1.9961974780471412,-2.027692299784038,-1.8854947609836181,-2.2065224025513874,-1.7124648401577993,-2.091018535296222,-1.947654873369643,-1.7796997343973704,-1.6501156114903037,-1.641605279144292,-2.054824186383872,-2.1562614116723586,-1.9761818324854008,-1.844750022189866,-1.6902692654697142,-1.7678631060955765,-1.9693802146050023,-1.8990960430874926,-1.7696533560589025,-1.9832174188241871,-1.7720647981760929,-1.4848100555386654,-1.9028152258309134,-1.986807808438972,-2.061826524476005,-1.742992902696848,-2.088409539272067,-2.0605655123497693,-1.5172971056432225,-1.4325608039706481,-1.6172584246697446,-1.7556841992030185,-1.7604691393949365,-1.8814447187771988,-1.5818726779145378,-1.7453105467400825,-2.137051391018611,-2.0651385363069057,-1.582469528294973,-2.0770054516642347,-1.7758904836059264,-1.6991120647224345,-1.547848162916416,-1.8708734949934547,-1.7604445196145164,-1.5242017726229968,-1.3060641326577382,-1.6023577387421137,-1.8207373419640913,-1.8388404750033593,-1.8979446395858712,-1.6984940125905459,-2.081285840930024,-2.2214490265451596,-2.132544989657175
