0.0,0.3871542111056936,0.6897471675880975,0.7056271749775374,0.7298287464266249,0.3625357101401705,0.7677634534829156,0.5465987115907227,0.26829217899572644,0.9045431962521906,0.007210163110260792,0.1453570518011824,0.4309870199026551,0.5282046293339671,0.3857780549666101,0.06573339107472953,0.7588859816656379,0.16553689882376932,0.20500250907292816,0.9214509051893105,0.11484209956373514,0.7321248715859003,0.06010950122091052,0.3071305812139462,0.07307183417913032,0.8627281301357488,0.8328922926387752,0.09639342605894385,0.6522575023446153,0.587482909277566,0.31243710720402507,0.6266833188236609,0.6559187029223563,0.6247058460468053,0.15301362047919342,0.014271603118805265,0.7600271175869007,0.6609254168750045,0.6127424771057908,0.7481167672590692,0.45696381632889427,0.3909883865663859,0.6773521887043814,0.6322663666430508,0.6494889650228959,0.8285787222302419,0.6961323897690721,0.6502583075677268,0.7980003339893811,0.9396225625056855,0.6241980595159706,0.7650440360347803,0.4888292883440939,0.053942717437233334,0.9821705830298131,0.013385024600037099,0.5439470085638074,0.7979372436038932,0.2969120788059194,0.25008715269443593,0.6630810980691888,0.7283664995972448,0.7065340567612632,0.6807469840267328,0.05878918145360523,0.09244762175879329,0.7358260908126981,0.912681430335978,0.9847093332290691,0.014422807682034966,0.6167338734845527,0.033752718825028616,0.6193337970738084,0.2266222515138987,0.10074392535597854,0.9456343525147712,0.6589122176508493,0.9710728090203855,0.6178801316983422,0.7191250483503246,0.6652852995283174,0.5542529566744965,0.3897274707094076,0.6354232922640175,0.9800850798188516,0.5142535911277835,0.390768215056287,0.5480200973620202
0.3871542111056936,0.0,0.9845678508608486,0.8756109561792558,0.5891655050887514,0.95032066100633,0.7832668738703532,0.5596933265217761,0.3545103926205102,0.4625953925299524,0.535508982875867,0.8515185905063973,0.956674633825989,0.3637559979480962,0.2659942019308328,0.2519242584740917,0.3850314479385981,0.06629650293085576,0.7792224386867492,0.8788469048988914,0.26852020504456076,0.14412777676313238,0.9650143060251841,0.5343864654552966,0.8253774406969543,0.014825417682226671,0.5097326691887054,0.10441391670977374,0.4575353829920292,0.08767768711641821,0.2181999428287804,0.0143031232846349,0.7771099483029495,0.21406691575769288,0.9335634022149562,0.9411602715792808,0.48848436824316943,0.10009835156889269,0.9164100196246485,0.9280374159733153,0.3471664322522665,0.7685767436169366,0.83119004168633,0.39108327057634296,0.4976928410395607,0.4193717814183344,0.1999153577920758,0.9439160645487279,0.33314257743577524,0.6886555808613748,0.44338804144337485,0.7410425524845279,0.4913297190258177,0.776630586248513,0.2760806010476917,0.34389719618325176,0.5075934088274054,0.04760505442110463,0.6263231397028102,0.009644131284536117,0.07008185768304598,0.12601994739763822,0.8867999661182722,0.8108772177265788,0.9014169880284055,0.6780070665168003,0.23344035604402635,0.7261520776592534,0.8269326836673558,0.8467225946749457,0.2265194221071316,0.3790873539105608,0.5211242882379303,0.03942867760478275,0.2730366662780501,0.424910632800962,0.9333446396779952,0.17930259346199784,0.8805133420244944,0.22489767903683489,0.7926490792636276,0.5804769314016303,0.32550491456908337,0.064480633154673,0.41364771806574563,0.4365414004141608,0.2431015317610301,0.11744916317008824
0.6897471675880975,0.9845678508608486,0.0,0.23508156071820463,0.9941966723477911,0.3460550479833393,0.7022594264657449,0.07604863925502392,0.42468598162955207,0.6417994336707717,0.3644208221830112,0.8973883552413968,0.07301911793060545,0.19777241370655152,0.6939585581471217,0.6104002742661567,0.8696759628252604,0.2896160392159788,0.4827779367397791,0.26144878845868913,0.6626882688555809,0.6642083674530097,0.9905368294332193,0.39550352558129553,0.1752928183864546,0.3773368583810328,0.24554437024315678,0.7126801351432603,0.030949524210591717,0.8415364857014525,0.6791019959258422,0.31819379433791606,0.5248739717343158,0.18192730202843688,0.3124149961599336,0.05384067163197015,0.19402143889838164,0.6522350783192055,0.4094056262433585,0.3903368153433635,0.024329978147614284,0.019231635946046932,0.4885705037699981,0.49273592238929376,0.4665324057546927,0.6624274247662496,0.5782775562504121,0.5623495494049362,0.46778033545506204,0.47680132217855964,0.6047584739129763,0.018891695613912907,0.06835973423529595,0.994249166017048,0.8951469321377614,0.27082727075445123,0.30183734068606993,0.4629842452409971,0.4256848144075467,0.7889068291350338,0.2043135001344929,0.3918983949873063,0.5915503919813494,0.06745792125336192,0.035521053152334225,0.6165791154487417,0.004568831898222214,0.7369515330176759,0.4509129273628545,0.7551550106238334,0.1423463982505513,0.18526849766823816,0.9477831458538373,0.7428690456404468,0.7693549668092583,0.8799410798504044,0.9910552081469011,0.31700471237434025,0.0518184491220004,0.9702393242437755,0.6866570802743277,0.2733488509236821,0.35414695488281445,0.24485615560919305,0.40136004075542453,0.2737441024510048,0.6179452940787895,0.17804656134723573
0.7056271749775374,0.8756109561792558,0.23508156071820463,0.0,0.9678866697415158,0.17752316530965628,0.25861904935084135,0.8570201416459202,0.15044711263655164,0.7221837519349217,0.7917000850252591,0.7126245817693373,0.19485992246250539,0.65278302594537,0.07923431527754121,0.49802424583327265,0.3108742547079726,0.9271860807454908,0.6988476902139282,0.3361634579028656,0.566363823928455,0.8719396193667337,0.9823109838498048,0.8022051193243593,0.897767013322275,0.664045304147705,0.035729180049368425,0.35525000789644134,0.801324169830592,0.5136607723521975,0.7861423705325574,0.6089236590248199,0.3764630816537926,0.591968184115097,0.8939797690572482,0.07618942909871329,0.4069228433293224,0.5459637698519577,0.05088400817154959,0.8048598603508255,0.9415311594697484,0.6196447605932769,0.222659917129854,0.13988197922571421,0.14813538941921678,0.8048135400238696,0.17721110572838894,0.5972085790970927,0.8410786592658521,0.44671507867118043,0.7119611462146305,0.3545412166028017,0.022081048665453018,0.4931254786426924,0.3124628924683006,0.20098243003317484,0.3393153112709508,0.31544519207832566,0.37256265954976864,0.8225160426993394,0.8761669751023975,0.8409795803522178,0.745402174771671,0.21568257465286678,0.5684482060434588,0.21097644685738604,0.83166229547215,0.6642340947463194,0.27987904536552155,0.5957542889381726,0.4132235135867197,0.11674083801622093,0.8853668661846643,0.2560107971125103,0.19179907244583783,0.28482155104513507,0.47337923626067924,0.5023532881155,0.29871135141207006,0.21763465765323287,0.02432424452990989,0.2893145350454336,0.5958311616534442,0.900801973857573,0.754808898547624,0.7178372917048745,0.22568927413193451,0.7805825125459644
0.7298287464266249,0.5891655050887514,0.9941966723477911,0.9678866697415158,0.0,0.29322032262879216,0.25713166236024665,0.32217019557667803,0.4475248883570129,0.9976558612578446,0.6981110518512226,0.7920801731223981,0.5978657175570785,0.659714046059076,0.5585928150621366,0.5217741270149276,0.9716044420536181,0.7176628065837547,0.9761883658631634,0.9786790229820128,0.6694406585890027,0.3234179987743404,0.8604666251299435,0.9871803205013516,0.22107123696814224,0.6290957106472668,0.35965456961117814,0.5388558458591093,0.7099217649079421,0.9831990533685939,0.11390709509757424,0.2776755499746866,0.15627352389916527,0.01996859565829734,0.7420364604032075,0.5801512851857951,0.7919634665949953,0.20026347734299077,0.09944197814732969,0.7607414286900611,0.5993091058456255,0.5006304562151773,0.6255714998419597,0.27726704117746936,0.20302629733050148,0.518315498584071,0.6990950343384399,0.6749229799366057,0.49295128929829346,0.5750592916428205,0.7540834467455348,0.798057802211539,0.18470027153241952,0.9455512048791184,0.8674006284413986,0.11814882953174366,0.8374516832171204,0.4324190994920727,0.9998466527508585,0.8636434655151028,0.09688487147431735,0.9079272001411147,0.038306437247034086,0.47458525164122145,0.5049042508572479,0.7618969702712095,0.16145317312275664,0.3369236164047471,0.7703504980075142,0.06282413557929489,0.4205983730971543,0.6402277475183271,0.01851565783458753,0.9138392868841352,0.8675463270861639,0.8725661289468469,0.17488692803036332,0.12982025191525381,0.22302071488430508,0.8567308964592777,0.8902534937871609,0.4350266360507684,0.7994616145589759,0.5555544173873996,0.9263807787650715,0.886552086354313,0.27067469976245206,0.36738012177956314
0.3625357101401705,0.95032066100633,0.3460550479833393,0.17752316530965628,0.29322032262879216,0.0,0.3095639642237651,0.6855747413153841,0.7994219231935187,0.15299290251232445,0.7196733236193129,0.6400621765139893,0.4410809072263393,0.5851298774866531,0.12425744696461538,0.49149216009363084,0.8418083995494074,0.8818718397476493,0.4504469099832955,0.4891703259018454,0.6044996114813976,0.8236186926037685,0.5934158782039478,0.2612091820355722,0.7925226781553449,0.48808667488809876,0.9041742653619307,0.6710443851178813,0.8411774475057434,0.23544999505236763,0.16509726466934582,0.27614295362948194,0.4074290641246108,0.8724985389851851,0.41135494451529264,0.6980059984681346,0.34034381252501067,0.6668818991665968,0.18328996788438867,0.6828541993962702,0.959423125390968,0.29755065080848975,0.9004162305392693,0.940143877589593,0.25057229667640657,0.14971583776880326,0.19165872690692032,0.3209091788059777,0.9620204016315834,0.8861288085668031,0.21932504693696564,0.7783646444491852,0.3190494437845033,0.2641291523902558,0.3047517943588669,0.45272319469137257,0.11206358914274395,0.865130436891723,0.9944963069885473,0.7638249285582142,0.20048828184016587,0.03453200705700743,0.9948433353188595,0.601955635490991,0.06641479961740804,0.6178414076097487,0.494037691914762,0.4115047970869854,0.3471666622032432,0.7542563447197472,0.9723534907871396,0.6640632174455352,0.5622611870718128,0.5495489935962972,0.6276437875128018,0.031351540027508173,0.2058213282555621,0.539258730158555,0.4868239235788525,0.9174303508648061,0.7193737337268409,0.5119248679333368,0.683013766507635,0.5352296831111829,0.8679320687462548,0.36621132814479584,0.5074406614140983,0.14436437699099458
0.7677634534829156,0.7832668738703532,0.7022594264657449,0.25861904935084135,0.25713166236024665,0.3095639642237651,0.0,0.45408794065909475,0.36734187305834665,0.6987387725329914,0.02242981934426247,0.7324095529643124,0.3857034174591041,0.7362769074938667,0.9737715435570797,0.5454149992016109,0.7906940902565842,0.6123382456330955,0.2532844924562143,0.5691510037367347,0.7564012632059232,0.1612681749683691,0.9251568524906173,0.3764481018129553,0.2393012505654979,0.2980776578697777,0.14443690453342173,0.669790383555352,0.7743662955969579,0.7509049083643455,0.8480727531220889,0.09304056402944005,0.9343821370808549,0.11666101073507451,0.001935383853362893,0.5335163544805048,0.6371510695336813,0.6222603029442728,0.12131121712132731,0.3076199893853151,0.47075538973896425,0.954437246508846,0.023713678632948154,0.7024166249606973,0.4449633448888879,0.30786794835628095,0.3220739248855009,0.8476850743101401,0.9600361935549799,0.22656690054342765,0.1359604858727299,0.24065150955481585,0.2542522925027908,0.18326606758470487,0.9917489396292805,0.08047740172959794,0.19640472869407644,0.8927694003869597,0.729842157789117,0.16049832533256958,0.24664838706620884,0.14452666263534186,0.8062910080251793,0.9090377861440395,0.7540394808367905,0.8014405922836272,0.34221843526308215,0.6855850206261542,0.32678122055982883,0.1953228534620315,0.2625816886710115,0.04174172155728462,0.6200617872192251,0.49311339112562647,0.3618526150191457,0.49721874154686896,0.46043717839320064,0.09650013440532357,0.7442943866873795,0.3549885252022682,0.7400806582068471,0.7228892393130022,0.14529317007741716,0.10524250665722201,0.5528539460863913,0.5645598958783424,0.15129669077666819,0.6915985620647831
0.5465987115907227,0.5596933265217761,0.07604863925502392,0.8570201416459202,0.32217019557667803,0.6855747413153841,0.45408794065909475,0.0,0.3445372968945679,0.8634272589097909,0.7164091730182125,0.15698980228787573,0.06520398797590166,0.41231337571744286,0.006135330331529465,0.5901636768578837,0.663914407423218,0.6775871945894516,0.5995014426370866,0.22472893812559436,0.5664343207803528,0.007052582492725001,0.10152590255049976,0.8743342516354502,0.5439718711139543,0.054309186363986406,0.2929767367262459,0.8688415053354275,0.11618440123683382,0.9009668103440314,0.39686142751889886,0.27290474013483856,0.19617153320139735,0.590935754222859,0.5902840221914905,0.6827151508975304,0.8510323314688253,0.6618136647459536,0.3783733637846878,0.7276110286354123,0.7299554313550629,0.09946539922483577,0.41021097167996734,0.8697708555480883,0.46077448894665207,0.8489536278087879,0.6871566557300055,0.24926048592904682,0.4029014778651001,0.14447161906839967,0.03842898397996075,0.2753704728403499,0.511421295153953,0.3583516493068839,0.5917601970836708,0.34425783071049953,0.05057157547858582,0.5451237587854032,0.9388313170426583,0.7716387415809742,0.6505497992772697,0.6606611131418285,0.27231930862913845,0.5798296090849318,0.043320058618931956,0.47345559433527495,0.46672344936746835,0.03447679043561491,0.6484612534025913,0.8330949640909064,0.9570899514147697,0.32151046125936733,0.5200359235520688,0.042639235762386596,0.39364378400622235,0.1569478899116652,0.8563801804461293,0.4897081522868105,0.6134038151207533,0.9988206784870513,0.9968956032461009,0.14418826752137637,0.33119268469002594,0.0803829860643126,0.003641339689310241,0.04046512259066826,0.7443681295751876,0.5680051408095779
0.26829217899572644,0.3545103926205102,0.42468598162955207,0.15044711263655164,0.4475248883570129,0.7994219231935187,0.36734187305834665,0.3445372968945679,0.0,0.17117002330351117,0.3055597848260527,0.6257445365424743,0.2771901804985435,0.7336020270470323,0.13243772195251236,0.4399597861789182,0.40851242108840213,0.7723096767110131,0.7021843898571414,0.640259286649099,0.3147419407673617,0.4867891991290443,0.8169203944617704,0.8521739740434959,0.7093857418666825,0.552172078359205,0.21264991762166097,0.5130149147512275,0.2761511392593592,0.7453880063216007,0.35438143142664646,0.5116443986538031,0.6948664496595436,0.7661933958994445,0.3546327306785271,0.13180585211743967,0.04021347473741099,0.09282369950288727,0.7867976726090202,0.7935780236372674,0.16302597097374605,0.8399697735531233,0.09081565945315351,0.5028946512763721,0.08027772330121219,0.8713790542127855,0.12297602183154233,0.6117439239170923,0.7696213846397038,0.437370310693308,0.9638602619233554,0.1463044042955668,0.9895728934050692,0.8602897983250406,0.7848863914702331,0.6263060641140927,0.9798649211644272,0.0683410891770806,0.525129351779875,0.46683804397946593,0.032461903656062274,0.0029033381914991274,0.22148510187765047,0.3794715328328222,0.060364709745134304,0.102452852156804,0.7159126292431839,0.0893239265275021,0.881545793201534,0.9693922759233842,0.7509890798690808,0.8061260889237178,0.23955213098375783,0.43246415971078567,0.8884153398085783,0.8545791269844236,0.5322835877894885,0.4654153568815733,0.3888322227134646,0.736942357423783,0.6918207781386068,0.7193237395802512,0.17123838475695008,0.31573983958984053,0.20653948556169244,0.7243668594432293,0.5589309893140617,0.6421609175543466
0.9045431962521906,0.4625953925299524,0.6417994336707717,0.7221837519349217,0.9976558612578446,0.15299290251232445,0.6987387725329914,0.8634272589097909,0.17117002330351117,0.0,0.8068041109606763,0.30601516767285575,0.23128526766577373,0.2988759415937605,0.05076463033434786,0.4396879050201892,0.022328784046102168,0.9791591070198327,0.2949312751354063,0.059756121781921134,0.9035704313552375,0.6825895767254453,0.7845823623419237,0.09682982565180609,0.956327631892506,0.592666782699242,0.7443881965711729,0.5474535624576753,0.4978303737467351,0.2564297744982902,0.16001761838584616,0.2372019903175362,0.5695270020793506,0.724676971857825,0.3780036992036355,0.8526664024044384,0.09502500580658846,0.5024382849076627,0.1497075306787965,0.3350644368492046,0.5545377618171252,0.27302116543620936,0.7445962036422753,0.24008437268281946,0.4411616824531053,0.5198993093325142,0.305486039916526,0.9296021482094317,0.9859472412918737,0.8144198648169887,0.7699144934256756,0.3117718382801937,0.6656047597561585,0.6562496132887752,0.953600190718525,0.15744111595151522,0.1878866715655505,0.9666332214937443,0.6178341717117184,0.05924041156851967,0.6714375349928605,0.41030478605895704,0.34752568540794004,0.7271920502782361,0.8003517947773977,0.21809484362327147,0.35735165391023016,0.5831905135866047,0.7804414994746018,0.9276166579561149,0.6153007558454056,0.6896988601418841,0.8033462214327811,0.21813722102413902,0.09005287636628201,0.6985358281830609,0.7666723856454707,0.2235040935674113,0.3093478673409802,0.9985279121289314,0.7488859134192796,0.06201822284425296,0.13090499683702084,0.5612498734123403,0.14471093844488192,0.10634290696301507,0.23253867508168158,0.6508944121142921
0.007210163110260792,0.535508982875867,0.3644208221830112,0.7917000850252591,0.6981110518512226,0.7196733236193129,0.02242981934426247,0.7164091730182125,0.3055597848260527,0.8068041109606763,0.0,0.610004359892093,0.31712470307156804,0.920672636921722,0.8250420637055975,0.6105231930547339,0.706333646322951,0.29878598682095836,0.049746037238882934,0.9927730291591892,0.008608999162195152,0.08956182351505104,0.979722292663191,0.917878452768383,0.2575124829055664,0.6181923716996311,0.34512061166377794,0.022828990488450218,0.815146440931557,0.9286592549170687,0.4468992650016157,0.7826278280753012,0.04438936463346099,0.9375004114208885,0.16202635388569342,0.688393172749789,0.2096250591538129,0.5578636488629187,0.9962480542813683,0.773481886988391,0.7732375382013132,0.5701822473366265,0.49422897157538626,0.9037158682809396,0.4943720012806343,0.9875064329335721,0.5146056637579701,0.26376420432201364,0.6096127669871982,0.16867379779041847,0.06591766274626765,0.7731393152482839,0.9807064384041511,0.8417428294633258,0.8154567475711807,0.25358700135368806,0.7726398578766422,0.27385223728686237,0.6239833371916201,0.2559936138804164,0.3833966470226404,0.15687255276346534,0.8947194980069304,0.39184678708830645,0.2786933519694379,0.8077098366484992,0.8852714383861786,0.23387217482446387,0.6465564122034975,0.24896751318035015,0.8665696962451466,0.3865912829708593,0.7182068780387005,0.17374843262860917,0.4821153820868298,0.6033575853524034,0.3504220197549217,0.5277335280890854,0.8688871009235737,0.6557640120351165,0.9857751103971397,0.7383057471839121,0.27711852453320396,0.47617780930094344,0.21380732741037733,0.9406031310148797,0.6163142943027711,0.42655892082259705
0.1453570518011824,0.8515185905063973,0.8973883552413968,0.7126245817693373,0.7920801731223981,0.6400621765139893,0.7324095529643124,0.15698980228787573,0.6257445365424743,0.30601516767285575,0.610004359892093,0.0,0.08904386539736642,0.725374960580996,0.135168795265995,0.47944053722832924,0.826032487596952,0.07462173887674317,0.7728584697914038,0.4361322191245314,0.18851416105561802,0.29987080567477986,0.844373845121156,0.5839009521594463,0.4799271475863365,0.24489449403349406,0.7733260783438745,0.712423363294171,0.6766821939523944,0.004090364668378976,0.16583450168653657,0.9872275395172356,0.11828542492434013,0.37393453168461743,0.8826447352588542,0.5566152300536145,0.28263892277604086,0.004951539263441163,0.7265306683958146,0.8566782658403047,0.10809529833515552,0.059435830139903834,0.3655125192903741,0.9749617802803445,0.47941434039305464,0.4223999194096464,0.632778507882297,0.5977695297884267,0.9984416647784,0.35236515663821066,0.6900751170714661,0.3731149801464737,0.9471944731573196,0.03977014781156396,0.6524114015105098,0.6068856976951296,0.3514956415706336,0.0639791297815655,0.4728867524866156,0.30991851276131555,0.855731483028134,0.0789842268151073,0.6778822488122931,0.5361801936288102,0.21689547997146952,0.7637617377683803,0.3329847921457576,0.2640311978637566,0.10040430032748926,0.5975696166408864,0.007629617985471127,0.6838675818319369,0.6583859368011924,0.7208084324510562,0.24485669361979112,0.32757125852166347,0.46317025141156964,0.6653795995371392,0.8715991586671681,0.3244179565026861,0.4888968427084146,0.5136749510275249,0.660007299721501,0.6717340755116026,0.009382164724456965,0.2884990336983648,0.7336722603942099,0.25775707899844225
0.4309870199026551,0.956674633825989,0.07301911793060545,0.19485992246250539,0.5978657175570785,0.4410809072263393,0.3857034174591041,0.06520398797590166,0.2771901804985435,0.23128526766577373,0.31712470307156804,0.08904386539736642,0.0,0.35439563694221055,0.8117761210338537,0.4353717894025477,0.1814072160265161,0.41623892934441686,0.28312136162004786,0.7515423349949888,0.8520808135524001,0.7689160602236744,0.5083582210046513,0.7635648669531674,0.6003434976346762,0.29854144736294685,0.2274574081223435,0.19106893464931973,0.5010837088780025,0.3391484647196459,0.8455115010905052,0.14148235947200272,0.9141617102089625,0.28289534644507563,0.08237782391228765,0.9248125965198151,0.5385486614477721,0.1074691649641708,0.3332078118837387,0.4056840378759532,0.8223300690021396,0.879136465713487,0.49765675312468804,0.6473230933445124,0.7604424113281218,0.10639435304996026,0.722358508080233,0.3099542702944431,0.783393841154248,0.7305559040898781,0.3406811080064731,0.43230560887692326,0.8332095754274236,0.0388433637916652,0.3775553420694189,0.28910531734516787,0.49654892688747077,0.7849017209207443,0.6860352256025384,0.22641160842569152,0.943903291706959,0.334105454068482,0.22703212240647996,0.7526241067655028,0.021570635603542998,0.8285988267307465,0.20562488586980732,0.08769890618752108,0.4920302809280881,0.7573704943297452,0.0043492284304360584,0.23342581518017802,0.01149206690143223,0.9501352037355373,0.8497919486128804,0.4399751657530173,0.16885325414628616,0.789634241733532,0.15012931756870462,0.5971399504386696,0.7082566633403453,0.27802759634383944,0.6549515191196695,0.37017777598151014,0.49720250481867967,0.6647531723592266,0.7444944680317287,0.6723112718497146
0.5282046293339671,0.3637559979480962,0.19777241370655152,0.65278302594537,0.659714046059076,0.5851298774866531,0.7362769074938667,0.41231337571744286,0.7336020270470323,0.2988759415937605,0.920672636921722,0.725374960580996,0.35439563694221055,0.0,0.06328218213216497,0.6362044028889502,0.2147304775903398,0.5866677198880568,0.8254960807781986,0.9285927218831298,0.25235801548968984,0.9742943724993953,0.8050212001900032,0.4835654561300504,0.3676164381329048,0.3289610096145399,0.36088898724961305,0.7282974469323575,0.048877156611711436,0.599024509411757,0.38949431475845486,0.4132071962998656,0.8214915847302613,0.34016772167442877,0.7274167340775617,0.675596743249467,0.46300669070027123,0.7944312046130182,0.9865120130661271,0.3496670764885548,0.12544788212842262,0.19239065374260567,0.09275381163190888,0.39897527483830975,0.9277792506794149,0.6953973444426158,0.04981122069914279,0.5620462655133238,0.5884919546711613,0.5045480886360825,0.0730831295884975,0.7050447686530497,0.9416795973476098,0.46778713287216833,0.9890729844126895,0.81139618799088,0.5508309559413251,0.46988135225774497,0.9182137692336385,0.11500299345853482,0.7681209893977403,0.2065241136075473,0.8676335993366902,0.9643097190298162,0.7899870483110045,0.2812945627162715,0.3183358758822654,0.6359827404137928,0.9804641249247499,0.46554208132119124,0.7767799344279003,0.07136020651283492,0.9652190941841061,0.6967591431114848,0.5836872690309503,0.9334996553953017,0.9774830273772013,0.8472215827532836,0.2755889871546202,0.9367116793355637,0.3168664730005155,0.017270297903370535,0.6484929417130512,0.17632973742356883,0.06101567820377296,0.9417724844193769,0.22317233179776474,0.6799276702556616
0.3857780549666101,0.2659942019308328,0.6939585581471217,0.07923431527754121,0.5585928150621366,0.12425744696461538,0.9737715435570797,0.006135330331529465,0.13243772195251236,0.05076463033434786,0.8250420637055975,0.135168795265995,0.8117761210338537,0.06328218213216497,0.0,0.9558780376898055,0.25460050954583413,0.8338873649227154,0.22964346741574837,0.37564682170232966,0.3361238454469895,0.6611335192304104,0.24099337725081793,0.9699490009134946,0.5909869331996627,0.6021622972491845,0.09306167149077083,0.1523758711077472,0.7435040140086908,0.36847902674685895,0.15281813980963754,0.3698675222060903,0.9479116005580799,0.16946790423037483,0.5207378299424181,0.4218561424610543,0.07790352403465994,0.023305032011838867,0.8084873711422995,0.9734810558937215,0.6680492621531635,0.6197565654060855,0.24193732792099265,0.32310218446039185,0.8278272832793714,0.5529288020456404,0.27555547370485134,0.046476653551785096,0.6924559525402021,0.27957692480788876,0.8248174197666007,0.09220395097000034,0.15628511284265012,0.9418074332452195,0.0596298778118558,0.590779290708878,0.8336386084635155,0.18104459023706632,0.9938644214292103,0.05037020496595779,0.12981366684215812,0.6203921234686367,0.24948194085882225,0.2364516302706945,0.699242275282226,0.35625996927385617,0.33203390983025716,0.18228003442503726,0.29740752557947325,0.2547925551202479,0.9139908492276709,0.14726139512815117,0.31179714768532163,0.4117881873824827,0.5510590619469276,0.35293154592149767,0.29966086162644334,0.5571560200331653,0.9207796330050753,0.49284663945340657,0.6218328057686955,0.30757113466785246,0.9402564355278842,0.3212760193873512,0.9615131652707245,0.6079559834760084,0.40915583136852085,0.9001138644468545
0.06573339107472953,0.2519242584740917,0.6104002742661567,0.49802424583327265,0.5217741270149276,0.49149216009363084,0.5454149992016109,0.5901636768578837,0.4399597861789182,0.4396879050201892,0.6105231930547339,0.47944053722832924,0.4353717894025477,0.6362044028889502,0.9558780376898055,0.0,0.4339069286386117,0.16627607437783798,0.8921402746904101,0.2544477886120018,0.3089728405242569,0.14676718814039313,0.07413273769916495,0.9630383248153203,0.665623599136757,0.5397607948569434,0.3706959022557015,0.9260167201258029,0.2678392138028476,0.4790936081268493,0.19386289633143883,0.973804797557944,0.3886441496770958,0.6292257405544279,0.1367955186633556,0.6779171923272718,0.49117867537343085,0.17328451094855213,0.3936879011490455,0.04460421389299252,0.36994475770920365,0.08937406068951304,0.08937200318518101,0.41535097798616505,0.24505475561255596,0.9886852636356285,0.2064542571353476,0.2857539216278884,0.6402464993347228,0.3817116646859573,0.1316267866613643,0.32209317222981504,0.12496283822409837,0.849831306312032,0.9928678659589525,0.10067965913587873,0.9028247673937309,0.6906541369205395,0.4368476230510421,0.17589419100278825,0.023708555072609716,0.7132660588299595,0.30172437958360865,0.6325519053757462,0.7193699357796868,0.1726153670958872,0.7494945879777875,0.3358375598843768,0.4388515798248709,0.6814713652647189,0.6568290487866428,0.18106624261101434,0.4307503171799907,0.27297892844411753,0.14375088132014158,0.28873550681459537,0.1968613012995446,0.5868492762617052,0.9827039329007288,0.9446638298541763,0.08075868047960921,0.6997867902856463,0.7605727961268609,0.7101671877686091,0.3852494557076287,0.23081704583790152,0.4678734517310834,0.3288447996917352
0.7588859816656379,0.3850314479385981,0.8696759628252604,0.3108742547079726,0.9716044420536181,0.8418083995494074,0.7906940902565842,0.663914407423218,0.40851242108840213,0.022328784046102168,0.706333646322951,0.826032487596952,0.1814072160265161,0.2147304775903398,0.25460050954583413,0.4339069286386117,0.0,0.5072845826101622,0.4776127219588464,0.6834211991333123,0.09783171226259713,0.720710300136753,0.7866383733476467,0.27240058193621386,0.23857617627577854,0.30661086442904684,0.7635642296463967,0.2488070142215355,0.031096662193987212,0.03864763912997593,0.6592525368570092,0.8281320324328048,0.23598058079728035,0.45314708824867966,0.7399813179569836,0.6521175033831998,0.8497191973007836,0.3343459755596425,0.5571385789569354,0.8971046877857327,0.2407652309675552,0.46210893722211765,0.15134124304787222,0.22181880177608426,0.5743502743944233,0.9017955453078965,0.26782143500213307,0.010609593676508045,0.2841032892921962,0.4864503441996699,0.7674339170029247,0.2840012517623616,0.9734153101696961,0.9162946869905579,0.4085309460462814,0.921342961837478,0.5623667545380515,0.9699374155616747,0.08012967601978471,0.31011303569953474,0.42055115694684586,0.45429321612657425,0.6107882962916125,0.2955545077556836,0.4842234927671456,0.9111281379400482,0.22691395576652162,0.7882673776851059,0.9348960865063489,0.771302334427745,0.2842214529912457,0.10110943155444985,0.35973298851176705,0.14126408154505876,0.9469024895994818,0.9852918141982208,0.11791906162902954,0.645754621698232,0.49573996866879266,0.30488205786464273,0.2110936901678544,0.7295710628200909,0.2155804456510051,0.9240751748896259,0.38202941476946983,0.06076266375199468,0.3995120675858379,0.5800061045763378
0.16553689882376932,0.06629650293085576,0.2896160392159788,0.9271860807454908,0.7176628065837547,0.8818718397476493,0.6123382456330955,0.6775871945894516,0.7723096767110131,0.9791591070198327,0.29878598682095836,0.07462173887674317,0.41623892934441686,0.5866677198880568,0.8338873649227154,0.16627607437783798,0.5072845826101622,0.0,0.19597002925414797,0.8592202020881086,0.445129038911408,0.8239514689392822,0.4812907651652436,0.814309672102139,0.7741004579223612,0.08873034854375916,0.931181390289822,0.4863893500658514,0.37178234772654895,0.8825086505221671,0.6872906289491474,0.2543804683652371,0.5302955570320418,0.9310659717593415,0.4146862853269906,0.8920985403730819,0.4049547311357109,0.8519930942556582,0.2715376852980349,0.9113803783875942,0.8793957766424605,0.5032220890512364,0.3478074502716706,0.011160431958674888,0.8450402145173648,0.03024453340893385,0.8255716393334156,0.927080945219543,0.06641586083322104,0.5780178133632357,0.2516827606177259,0.028665723855506142,0.8319236519646798,0.2719357744260358,0.5627205322338147,0.07050092524552598,0.33216499265486976,0.5519461399742054,0.9786238353029206,0.24386314197616787,0.38455960669510203,0.6226551804327296,0.8539884083499705,0.9148744435716789,0.745909393991331,0.19203802785499513,0.6928871652923729,0.36868406206684523,0.28108596297717425,0.9668308713830085,0.10827304532979332,0.43924004487390556,0.6657976614582948,0.8453446577575312,0.9578303531408603,0.2714305982144991,0.9556448917484215,0.7745280838067734,0.08219883925908666,0.2831725488813055,0.8625293504546532,0.3027119376043377,0.0057737001824436085,0.887566381222374,0.1651176408993289,0.5618990566616879,0.9467515805894544,0.760054356590711
0.20500250907292816,0.7792224386867492,0.4827779367397791,0.6988476902139282,0.9761883658631634,0.4504469099832955,0.2532844924562143,0.5995014426370866,0.7021843898571414,0.2949312751354063,0.049746037238882934,0.7728584697914038,0.28312136162004786,0.8254960807781986,0.22964346741574837,0.8921402746904101,0.4776127219588464,0.19597002925414797,0.0,0.9928767796300448,0.2998435692725525,0.44673680864200516,0.48974996777697033,0.7420095056509477,0.566710271025963,0.9892181400447237,0.8295099267373798,0.5065701437924144,0.2738479700877432,0.9552141959893643,0.23817154046521227,0.45391834113286555,0.28951464185973275,0.28628959531347054,0.4305885435600303,0.44601320537725675,0.38818999301461354,0.6112598308218926,0.5801245854138233,0.7974978262499328,0.32411551900434055,0.8455099018024916,0.8190479193708111,0.2220044889170636,0.3828442844194557,0.3591770357474158,0.6549013198081923,0.4711850334691903,0.35744828498157544,0.3379937327118452,0.1271352250270532,0.14096679053196293,0.8736370185161357,0.14863673830594815,0.673814209784326,0.4250536770228279,0.39282086192037147,0.19039513014030685,0.32381553287410614,0.43136103671577186,0.11687907139671228,0.5609892630726272,0.512933394420376,0.2323098838819373,0.8269229433786252,0.8988518254783249,0.08186715790323373,0.4674184751113386,0.07747742648813394,0.9028524295634384,0.819235218968186,0.09651988637058806,0.11098299067005857,0.1272508358235318,0.956415395737612,0.7876180798647479,0.017316941643638284,0.132499496662563,0.2989155103840164,0.6710845386855329,0.21059115072851475,0.8397589062784048,0.7593941936133439,0.8364159671628084,0.6735329033835011,0.8946974060495303,0.42014690225149054,0.46625120046343316
0.9214509051893105,0.8788469048988914,0.26144878845868913,0.3361634579028656,0.9786790229820128,0.4891703259018454,0.5691510037367347,0.22472893812559436,0.640259286649099,0.059756121781921134,0.9927730291591892,0.4361322191245314,0.7515423349949888,0.9285927218831298,0.37564682170232966,0.2544477886120018,0.6834211991333123,0.8592202020881086,0.9928767796300448,0.0,0.8936504051207217,0.29788927570638957,0.9288269674651153,0.6773090564407531,0.9061301175782004,0.5438543486324465,0.48467846220300626,0.7977041290202127,0.8718492284174899,0.10341383791450776,0.8659386251649239,0.7951022737853857,0.9753558091832435,0.017827970926430403,0.5237525802164287,0.24652403258897992,0.08197196084810887,0.8407445662964559,0.8291809475117033,0.5971428837191877,0.6998729754928117,0.6504808321163973,0.15465283729208457,0.023462460993052048,0.330071687682046,0.5155088880077594,0.824130420261523,0.6257867744945333,0.37908457377537963,0.9905125700203434,0.7465138624292933,0.46403278781168433,0.24702882762687328,0.3749336222994908,0.654785424762534,0.9292379395419381,0.4997927890699594,0.5422087122182992,0.15120802250484178,0.9925496969638834,0.9563318180006395,0.21557882325165845,0.15260952185992283,0.04328465733551301,0.27367391484742076,0.05084348243126646,0.5104672311145675,0.05500130620666477,0.6948997672530663,0.5098262377567075,0.5841241707624945,0.9424866636007632,0.11339595021961824,0.6985013421559516,0.917478246459434,0.6879590320858526,0.2484128572305655,0.3946427037666176,0.5420101108359756,0.4768187218198805,0.42918364629330896,0.5893816532682561,0.5519960203195338,0.9746658442170173,0.04971849510479154,0.22612776531088752,0.9938800810601416,0.2707534352273393
0.11484209956373514,0.26852020504456076,0.6626882688555809,0.566363823928455,0.6694406585890027,0.6044996114813976,0.7564012632059232,0.5664343207803528,0.3147419407673617,0.9035704313552375,0.008608999162195152,0.18851416105561802,0.8520808135524001,0.25235801548968984,0.3361238454469895,0.3089728405242569,0.09783171226259713,0.445129038911408,0.2998435692725525,0.8936504051207217,0.0,0.7315007739931294,0.9586963345312751,0.4190578203820612,0.6542506196869811,0.7716831521811107,0.9487260639025925,0.07081165330425088,0.472805104381526,0.42204491489205287,0.17388781107333973,0.8145963531683809,0.19192082192955673,0.14958529803459752,0.5729731299646394,0.9680938644132533,0.90850519052544,0.864136871563874,0.8687521155867961,0.25633253652942156,0.9052505830130582,0.2909557963862821,0.31497741754045205,0.49103737859349983,0.15784534149074636,0.9787273727628791,0.01758112532664935,0.4079325777643996,0.769667781259066,0.38790539743692953,0.8982808560464108,0.7927342796567434,0.6666798038910569,0.24311078338040493,0.18909428455504007,0.5717311106627909,0.8331165686320852,0.5356930614496085,0.5793799687997998,0.1394016788462662,0.3884682335237579,0.6833037769878354,0.701626412665052,0.8743108333058716,0.8614511538445713,0.43265707417263277,0.3242911246288447,0.21189023335793644,0.0551213723290056,0.5796019294043764,0.6205018776504585,0.7076810738757695,0.21892977038078887,0.30283730171362344,0.8833696561365716,0.8920413875432855,0.15983976809588962,0.051401028879806576,0.41248496230507614,0.13515227366045401,0.20448991374705372,0.2637264246930069,0.9722226042292956,0.09540579858428888,0.5920609778267427,0.7106526939034215,0.24195485937142913,0.32706074531966123
0.7321248715859003,0.14412777676313238,0.6642083674530097,0.8719396193667337,0.3234179987743404,0.8236186926037685,0.1612681749683691,0.007052582492725001,0.4867891991290443,0.6825895767254453,0.08956182351505104,0.29987080567477986,0.7689160602236744,0.9742943724993953,0.6611335192304104,0.14676718814039313,0.720710300136753,0.8239514689392822,0.44673680864200516,0.29788927570638957,0.7315007739931294,0.0,0.1858123479688747,0.10650014391090235,0.324538942374486,0.8850110304741023,0.20079281851550146,0.7658828290847786,0.3936982814773262,0.23400678139837883,0.9554713157909571,0.18074302533157982,0.5266207083255012,0.6135596416532358,0.16756288503165928,0.005374882749795695,0.8188675312717713,0.755413490046583,0.9017615049553471,0.4453873267903168,0.20023494240870532,0.3690214157025793,0.563292538686653,0.7074124221116656,0.4279646511446169,0.5819468324767505,0.0010213922204862502,0.41695715778908604,0.8023806793800654,0.3853721463118214,0.590411025110317,0.4873561542878724,0.37280348462764534,0.30883656117126024,0.47866287275132535,0.5198077015110152,0.18658634046288158,0.702793634361321,0.22578385897443232,0.04970381315825145,0.7932739815968806,0.7488764993707258,0.9313292298727616,0.3289323364414112,0.5837910447130665,0.6385146859740727,0.23212986022448567,0.46662230914810876,0.1039046528310057,0.5111454495190213,0.5253511806362658,0.7876695189508165,0.46934989875118216,0.3034593381523294,0.8205037127308896,0.2672615931307001,0.2775688599657238,0.19245366065512548,0.053313071946099244,0.9661230470224296,0.32065221867834626,0.9879615448592298,0.7618129908206113,0.24425504401069187,0.38193746888910707,0.35205584816597413,0.2935427016790133,0.5256259473340716
0.06010950122091052,0.9650143060251841,0.9905368294332193,0.9823109838498048,0.8604666251299435,0.5934158782039478,0.9251568524906173,0.10152590255049976,0.8169203944617704,0.7845823623419237,0.979722292663191,0.844373845121156,0.5083582210046513,0.8050212001900032,0.24099337725081793,0.07413273769916495,0.7866383733476467,0.4812907651652436,0.48974996777697033,0.9288269674651153,0.9586963345312751,0.1858123479688747,0.0,0.4051823024118679,0.8172309414139629,0.07950685695272108,0.25798939757203,0.7295713572761255,0.633401477263484,0.927468378672196,0.6132693574336139,0.08600774510693143,0.10686600406008107,0.35146641478701124,0.8120907912331712,0.34299154209325344,0.5532054437511986,0.5725081241884742,0.34942000869584566,0.016696605317718216,0.7670371063987278,0.42758928765112203,0.7774078280364378,0.5492109090269495,0.39421658759707134,0.21573022426829835,0.17128582174751172,0.1992263534137062,0.8246385170415391,0.9678202171356225,0.9821803573353927,0.5907818263151647,0.9153603574388773,0.5029986989508144,0.6278639299225459,0.8167730570829619,0.16970040738158687,0.24054664985049778,0.6069822913040646,0.5217154433138527,0.6386614497844487,0.42603166618653554,0.37836141230376574,0.1421276703889287,0.3668065966415981,0.16122623251804225,0.8830604709924397,0.6595799588270521,0.2623539890719211,0.7808081322647646,0.7809003273560906,0.8318548457713577,0.6344016806446038,0.11748476468500946,0.15852687525551534,0.660833724694055,0.5367728508975611,0.33294506120762923,0.8130187982232091,0.881338003030327,0.820339332522706,0.6803676126081379,0.40128954960996355,0.9074001554980653,0.6483964667047037,0.241309208725065,0.9340430780536408,0.12129085502928771
